[1] "Ohio and Neighboring State Principal Component Scores"
      row_names        PC1        PC2        PC3        PC4        PC5        PC6
1       INDIANA  0.6790236 -0.8719960  1.9390580 -0.3753088 -0.2831750  0.3961108
2      KENTUCKY -1.0231373  1.0070109  0.9994554  0.4350120  1.1575834  0.9550260
3      MICHIGAN -2.8354031 -0.1727734 -0.6558926 -1.2963609  0.1183671  1.0287396
4          OHIO  1.2404429 -0.6990247  0.7639083 -0.7595120 -0.2238965 -0.4931744
5  PENNSYLVANIA -1.0537908  2.6333324  0.6272718 -0.5713555 -0.3700030  0.2775859
6 WEST VIRGINIA  1.5852985 -2.8170048 -1.6098481  0.3742131  0.5720533  0.1720897
          PC7         PC8          PC9
1 -0.37045101  0.07134340  0.074053429
2  0.20230519 -0.07550482 -0.023693533
3 -0.40159493 -0.17044853  0.021152522
4 -0.09188368  0.18141962  0.070084225
5 -0.19327387  0.59169296 -0.011419553
6 -0.01541131 -0.13243658  0.001769959
