[1] "Education Data PCA Loadings"
                  PC1        PC2          PC3         PC4         PC5     
math_scr    0.2734373  0.1607929  0.646268000 -0.03021435 -0.08071628  
read_scr    0.3007881  0.2755832  0.514460388 -0.14266910  0.22408837  
spend_1     0.3224600  0.4072004 -0.336299234 -0.25631788 -0.20206070  
spend_2     0.3092359  0.4156176 -0.345834753 -0.24893355 -0.21067642  
stud_teac  -0.2559060 -0.3735285  0.072967201 -0.77835957 -0.16097146  
shortage_1  0.4093439 -0.3217652 -0.176679515  0.14071649  0.21809340  
shortage_2  0.4054087 -0.3316158 -0.168152287  0.14054519  0.23119718  
shortage_3  0.3791932 -0.2813621 -0.001103965 -0.41652445  0.28461907 
shortage_4  0.3065246 -0.3570145  0.141961460  0.17937541 -0.80629989 
                    PC6        PC7         PC8          PC9
math_scr    0.03370635 -0.62630983 -0.28416146  0.011811397
read_scr    0.25138461  0.59830078  0.27762897 -0.010244321
spend_1     0.03966646 -0.06484556 -0.02138079 -0.710174141
spend_2     0.09538863 -0.03876263 -0.04153179  0.702392052
stud_teac   0.39422876 -0.04615738 -0.01515692 -0.011505512
shortage_1  0.33968502 -0.37909309  0.60923755  0.007442736
shortage_2  0.34958298  0.20738738 -0.67712195 -0.021967386
shortage_3 -0.72110701  0.03198142  0.01212493  0.037160716
shortage_4 -0.10950539  0.23278805  0.09975529  0.001544038
